@type bridge-extra-info 1.3
extra-info tzdb1 B678C71B19D27D6DF746DB55852B8BFB68B16A0D
published 2015-09-16 08:48:26
write-history 2015-09-16 08:40:52 (900 s) 33792,7168,5120,52224,93184,21504,9216,6144,6144,6144,5120,634880,84992,12288,9216,52224,7168,8192,14336,99328,8192,61440,12288,10240,16384,7168,39936,99328,12288,10240,19456,7168,58368,10240,38912,54272,21504,5120,65536,11264,83968,11264,18432,36864,66560,9216,5120,5120,16384,61440,9216,4096,41984,9216,14336,52224,99328,6144,7168,6144,17408,5120,87040,7168,39936,56320,17408,6144,7168,7168,34816,60416,17408,4096,154624,49152,12288,8192,18432,13312,8192,5120,59392,41984,21504,11264,8192,114688,17408,7168,17408,7168,7168,22528,44032,36864
read-history 2015-09-16 08:40:52 (900 s) 610304,7168,7168,631808,1201152,19456,10240,7168,9216,5120,8192,1689600,1232896,11264,9216,635904,6144,11264,13312,1504256,8192,880640,12288,13312,14336,10240,640000,1254400,22528,13312,17408,8192,879616,11264,624640,643072,26624,8192,892928,12288,1463296,12288,18432,624640,888832,10240,4096,7168,15360,879616,11264,3072,642048,12288,10240,641024,1249280,5120,7168,9216,17408,5120,1498112,10240,622592,863232,18432,5120,9216,10240,608256,880640,18432,3072,1778688,618496,21504,6144,18432,18432,10240,5120,836608,613376,20480,17408,8192,1726464,24576,5120,17408,7168,9216,523264,332800,612352
dirreq-write-history 2015-08-11 19:35:03 (900 s) 0,0,0,0,0,0,0,0,0,0,0,0,0,0,0,0,0,0,0,0,0,0,0,0,0,0,0,0,0,0,0,0,0,0,0,0,0,0,0,0,0,0,0,0,0,0,0,0,0,0,0,0,0,0,0,0,0,0,0,0,0,0,0,0,0,0,0,0,0,0,0,0,0,0,0,0,0,0,0,0,0,0,0,0,0,0,0,0,0,0,0,0,0,0,0,1401856
dirreq-read-history 2015-08-11 19:35:03 (900 s) 0,0,0,0,0,0,0,0,0,0,0,0,0,0,0,0,0,0,0,0,0,0,0,0,0,0,0,0,0,0,0,0,0,0,0,0,0,0,0,0,0,0,0,0,0,0,0,0,0,0,0,0,0,0,0,0,0,0,0,0,0,0,0,0,0,0,0,0,0,0,0,0,0,0,0,0,0,0,0,0,0,0,0,0,0,0,0,0,0,0,0,0,0,0,0,274432
geoip-db-digest 9EF0A1874377BFB6413ED3F9EB5504B1DB17BE13
geoip6-db-digest 542D349827A88738A04332DAFF2516A384BCC8FF
dirreq-stats-end 2015-09-15 20:05:04 (86400 s)
dirreq-v3-ips 
dirreq-v3-reqs 
dirreq-v3-resp ok=0,not-enough-sigs=0,unavailable=0,not-found=0,not-modified=0,busy=0
dirreq-v3-direct-dl complete=0,timeout=0,running=0
dirreq-v3-tunneled-dl complete=0,timeout=0,running=0
transport obfs3
bridge-stats-end 2015-09-15 20:05:09 (86400 s)
bridge-ips 
bridge-ip-versions v4=0,v6=0
bridge-ip-transports 
router-digest 00A0C354AAEBC278945CA9F2F4F683742838C14E
