@type bridge-extra-info 1.3
extra-info rhapsodeeidos AF59EF2CBE062CAD68A1F5CF6D42DF1CDADEB546
published 2015-09-04 20:58:39
write-history 2015-09-04 20:54:50 (900 s) 40960,15360,102400,40960,50176,43008,9216,72704,48128,12288,7168,6144,47104,99328,10240,56320,48128,14336,9216,53248,133120,37888,12288,8192,49152,45056,13312,98304,47104,13312,4096,56320,10240,10240,653312,55296,3645440,3187712,1700864,53248,10240,35840,94208,25600,9216,13312,15360,128000,34816,71680,12288,81920,14336,119808,10240,57344,20480,436224,20480,11552768,69554176,21194752,32684032,67373056,81073152,71680,21504,47104,63488,9216,37888,49152,15360,13312,99328,480256,657408,1372160,541696,526336,545792,464896,1779712,49152,18432,1088512,442368,464896,457728,473088,544768,1058816,416768,438272,391168,475136
read-history 2015-09-04 20:54:50 (900 s) 25600,10240,1249280,632832,36864,619520,9216,880640,30720,11264,9216,8192,31744,1455104,12288,831488,34816,13312,6144,37888,1476608,608256,12288,9216,30720,612352,13312,1179648,29696,16384,3072,43008,8192,12288,2287616,41984,2967552,3668992,1657856,36864,6144,609280,1159168,19456,10240,20480,12288,73728,609280,888832,11264,632832,8192,1761280,9216,37888,15360,80896,26624,11555840,70889472,21738496,32659456,66673664,80957440,878592,17408,31744,874496,9216,624640,34816,7168,14336,1178624,464896,1228800,1333248,535552,510976,540672,1045504,2856960,30720,13312,482304,441344,445440,1039360,473088,1612800,485376,410624,435200,393216,457728
dirreq-write-history 2015-09-04 19:54:50 (900 s) 0,0,0,0,0,0,0,0,0,0,0,0,0,0,0,0,0,0,0,0,0,0,0,0,0,0,0,0,0,0,0,0,0,0,0,0,0,0,0,0,687104,1024,0,0,0,0,0,0,0,0,0,0,0,0,0,0,0,0,0,0,0,491520,0,0,0,0,0,581632,0,0,0,0,0,0,0,0,0,0,0,0,0,617472,1024,0,0,0,1024,0,0,602112,0,0,0,0,0,556032
dirreq-read-history 2015-09-04 19:54:50 (900 s) 0,0,0,0,0,0,0,0,0,0,0,0,0,0,0,0,0,0,0,0,0,0,0,0,0,0,0,0,0,0,0,0,0,0,0,0,0,0,0,0,22528,0,0,0,0,0,0,0,0,0,0,0,0,0,0,0,0,0,0,0,0,0,0,0,0,0,0,5120,0,0,0,0,0,0,0,0,0,0,0,0,0,10240,0,0,0,0,0,0,0,8192,0,0,0,0,0,0
geoip-db-digest 9EF0A1874377BFB6413ED3F9EB5504B1DB17BE13
geoip6-db-digest 542D349827A88738A04332DAFF2516A384BCC8FF
dirreq-stats-end 2015-09-03 23:09:51 (86400 s)
dirreq-v3-ips 
dirreq-v3-reqs 
dirreq-v3-resp ok=0,not-enough-sigs=0,unavailable=0,not-found=0,not-modified=0,busy=0
dirreq-v3-direct-dl complete=0,timeout=0,running=0
dirreq-v3-tunneled-dl complete=0,timeout=0,running=0
transport obfs3
transport scramblesuit
bridge-stats-end 2015-09-03 23:09:52 (86400 s)
bridge-ips us=8
bridge-ip-versions v4=8,v6=0
bridge-ip-transports <OR>=8
router-digest 00A1AB3E8F197B7A1A0382305FE1E5B412C35827
