@type bridge-extra-info 1.3
extra-info Unnamed C1F230BEA26E11A541DA0E87D5A070DA52B910EF
published 2015-09-07 15:48:26
write-history 2015-09-07 15:36:34 (900 s) 18432,9216,32768,40960,8192,64512,27648,7168,11264,33792,7168,95232,15360,9216,38912,16384,8192,7168,605184,17408,6144,66560,44032,10240,20480,10240,3072,49152,75776,5120,17408,7168,3072,7168,4096,141312,18432,5120,5120,34816,10240,8192,63488,9216,8192,59392,35840,38912,16384,7168,60416,8192,6144,7168,13312,116736,7168,9216,5120,29696,19456,7168,20480,39936,8192,624640,56320,19456,8192,61440,8192,15360,17408,3072,66560,92160,6144,9216,14336,3072,5120,59392,7168,40960,17408,8192,59392,9216,8192,10240,13312,40960,100352,6144,11264,3072
read-history 2015-09-07 15:36:34 (900 s) 18432,11264,616448,626688,6144,905216,24576,12288,11264,614400,9216,1235968,11264,11264,636928,26624,9216,9216,1478656,17408,8192,923648,636928,13312,22528,12288,2048,1125376,681984,4096,16384,7168,4096,10240,7168,1772544,17408,8192,4096,602112,10240,10240,842752,12288,9216,877568,600064,605184,16384,10240,885760,8192,5120,8192,15360,1767424,9216,10240,3072,599040,15360,7168,523264,340992,6144,2039808,636928,21504,8192,894976,6144,20480,16384,4096,1211392,1172480,4096,12288,12288,4096,6144,876544,6144,627712,17408,10240,887808,12288,9216,11264,15360,635904,1250304,8192,11264,6144
dirreq-write-history 2015-08-13 03:53:17 (900 s) 0,551936,0,0,0,562176,0,0,0,0,0,0,0,574464,0,0,0,0,0,0,0,578560,0,0,0,0,0,0,0,0,0,0,0,0,0,0,0,0,0,0,0,0,0,0,0,0,0,0,0,0,0,0,0,0,0,0,0,0,0,0,0,0,0,0,0,0,0,0,0,0,0,0,0,0,0,0,0,0,0,0,0,0,0,0,0,0,0,0,0,0,0,0,0,0,0,0
dirreq-read-history 2015-08-13 03:53:17 (900 s) 0,2048,0,0,0,4096,0,0,0,0,0,0,0,6144,0,0,0,0,0,0,0,6144,0,0,0,0,0,0,0,0,0,0,0,0,0,0,0,0,0,0,0,0,0,0,0,0,0,0,0,0,0,0,0,0,0,0,0,0,0,0,0,0,0,0,0,0,0,0,0,0,0,0,0,0,0,0,0,0,0,0,0,0,0,0,0,0,0,0,0,0,0,0,0,0,0,0
bridge-stats-end 2015-09-07 07:24:02 (86400 s)
bridge-ips 
bridge-ip-versions 
router-digest 00A0BA95F29E7363272A4A06F7B769758090BD00
