@type extra-info 1.0
extra-info whoami 22F08CF09764C4E8982640D77F71ED72FF26A9AC
published 2015-09-19 08:55:15
write-history 2015-09-19 08:40:22 (900 s) 2733903872,2881792000,2595787776,1913595904,1948266496,2254434304,2994268160,2549875712,2584203264,2555105280,1761314816,1989347328,1942214656,2052028416,2175768576,1824162816,1855790080,2454640640,2256084992,2071043072,1665319936,2311964672,2782564352,2438534144,2592503808,2725956608,3218017280,2687112192,2649075712,3223829504,3360720896,3522524160,2856936448,2839526400,2865489920,3023113216,3000825856,2508412928,2331710464,1865315328,2131031040,2163173376,1989953536,2065400832,2578246656,1837591552,2597829632,2638474240,2805230592,2333384704,2371831808,2638154752,2613594112,2467578880,2579394560,3472795648,2644938752,3052108800,3018476544,2893991936,2413368320,2254468096,2483522560,2159020032,1998967808,1978268672,2403386368,1879999488,1866277888,1687054336,1952271360,1456390144,1185570816,1289011200,1620889600,1783693312,1751873536,1597295616,1905485824,1745215488,2052542464,1961068544,1555772416,1892275200,1767308288,2188982272,2239186944,1912559616,1653755904,1839873024,1809617920,2439925760,2548052992,1831531520,2583557120,2106805248
read-history 2015-09-19 08:40:22 (900 s) 2663380992,2817070080,2525608960,1862148096,1893276672,2204180480,2929189888,2488801280,2505670656,2483878912,1700467712,1919351808,1869139968,1993892864,2115815424,1762368512,1774147584,2384799744,2189040640,2000171008,1586420736,2244069376,2712921088,2369939456,2508734464,2661406720,3154190336,2617406464,2572207104,3150002176,3290472448,3458979840,2772966400,2771743744,2801782784,2955272192,2920161280,2441867264,2260549632,1802609664,2051640320,2098331648,1924046848,2005621760,2509708288,1773210624,2531294208,2573588480,2713892864,2279339008,2313931776,2584544256,2544440320,2401065984,2514291712,3398863872,2565182464,2993825792,2956749824,2832604160,2345823232,2205429760,2425636864,2105752576,1938482176,1932784640,2355829760,1838784512,1809581056,1629979648,1886927872,1423593472,1127278592,1245998080,1585932288,1736752128,1699055616,1544510464,1863971840,1702940672,1983252480,1918385152,1512759296,1845376000,1711822848,2137835520,2173214720,1853880320,1596884992,1774377984,1751835648,2383097856,2477295616,1761215488,2522988544,2043718656
dirreq-write-history 2015-09-19 08:40:22 (900 s) 64687104,56707072,62432256,45737984,52592640,44426240,56931328,56291328,69996544,62153728,56091648,62017536,65113088,48134144,52889600,55363584,73317376,60685312,62271488,62746624,72353792,62278656,58638336,58436608,78149632,59732992,56745984,61284352,72915968,69021696,70088704,61257728,72089600,56977408,56116224,56228864,68834304,59367424,66546688,54049792,73636864,58446848,58517504,50764800,61336576,64183296,56794112,55380992,80603136,46018560,51035136,46702592,62170112,57747456,49511424,54866944,60898304,38019072,41578496,43162624,53811200,42652672,50844672,47438848,52788224,38250496,43286528,34867200,50763776,50079744,53592064,29283328,52716544,37568512,34199552,35958784,48846848,48820224,39314432,41816064,66591744,39083008,38522880,40341504,53404672,44299264,57687040,54126592,52018176,60113920,56947712,49080320,59686912,65208320,53762048,59227136
dirreq-read-history 2015-09-19 08:40:22 (900 s) 1447936,2130944,2477056,1997824,2343936,1821696,2246656,1936384,1895424,1974272,2399232,2262016,1793024,1874944,1839104,2069504,1944576,1953792,1549312,2216960,1808384,2012160,2143232,2482176,2337792,2698240,2247680,2364416,2411520,2285568,2676736,2457600,2618368,2438144,2184192,1606656,2049024,2118656,2565120,1748992,2270208,1914880,2484224,1804288,1943552,2556928,2064384,2400256,3102720,2044928,2156544,2357248,3006464,2365440,1460224,2252800,2276352,1308672,1464320,1996800,1737728,1392640,1821696,2269184,1569792,1068032,2753536,1700864,1634304,1160192,1430528,1399808,988160,1307648,1396736,1292288,773120,1643520,1664000,1795072,2235392,1489920,1090560,1372160,2314240,1418240,2042880,2694144,1901568,2173952,2443264,2233344,1854464,2549760,2190336,1922048
router-signature
-----BEGIN SIGNATURE-----
YkJpxCFF4sFbyLI4qWJ+MG97VQX2aINn9/LQE6Eze0Ag+ajRC4cRssYdjl6GijSS
koMuJW7+rlc1wWQfa/Wki6m4De5CzxZeOk27sx+0Ic35OOyNxce6phuaEWs1oEtl
SqVguG5WF7UeJ0ULtY2U6FFPY06AhSmAmpOPsCNHrjk=
-----END SIGNATURE-----
